["port 2","RIGHT"]
["port 1","LEFT"]
("port 1","mode 1",1,"port 1",1,"transmission")
(100, 3)
1.8737028625000000e+14 6.3340143864649683e-03 -1.6874783520682650e+00
1.8748865029690462e+14 6.5193643939729052e-03 -1.0441375788469804e+00
1.8760716398230091e+14 6.6976079125212595e-03 -3.9969321481176090e-01
1.8772582759013281e+14 6.8679011881028987e-03 2.4578496418202181e-01
1.8784464140506328e+14 7.0294952311373785e-03 8.9224786225349806e-01
1.8796360571247625e+14 7.1817880890343942e-03 1.5396560516183460e+00
1.8808272079847909e+14 7.3243327548611677e-03 2.1879679767160987e+00
1.8820198694990488e+14 7.4567989526094294e-03 2.8371310682035928e+00
1.8832140445431472e+14 7.5789039691244522e-03 3.4870783429603089e+00
1.8844097360000000e+14 7.6903390191079583e-03 4.1377311222088355e+00
1.8856069467598475e+14 7.7907191198865518e-03 4.7890063988010798e+00
1.8868056797202800e+14 7.8795755176272828e-03 5.4408258498976050e+00
1.8880059377862594e+14 7.9563937079265741e-03 6.0931230493575681e+00
1.8892077238701466e+14 8.0206831264202118e-03 6.7458462127990844e+00
1.8904110408917197e+14 8.0720530872907658e-03 7.3989554873772292e+00
1.8916158917782028e+14 8.1102677687700572e-03 8.0524157477536047e+00
1.8928222794642856e+14 8.1352614638966949e-03 8.7061873899829969e+00
1.8940302068921506e+14 8.1471105845560242e-03 9.3602182204377762e+00
1.8952396770114944e+14 8.1459752084559866e-03 1.0014439045291025e+01
1.8964506927795528e+14 8.1320341818278460e-03 1.0668764174897577e+01
1.8976632571611256e+14 8.1054397818649086e-03 1.1323096265051287e+01
1.8988773731285988e+14 8.0663100697839808e-03 1.1977333363551459e+01
1.9000930436619719e+14 8.0147624899669576e-03 1.2631375275330635e+01
1.9013102717488791e+14 7.9509767256788835e-03 1.3285126669342727e+01
1.9025290603846156e+14 7.8752643146983194e-03 1.3938495593439203e+01
1.9037494125721616e+14 7.7881209431124544e-03 1.4591387766437288e+01
1.9049713313222078e+14 7.6902449731512858e-03 1.5243698557987161e+01
1.9061948196531794e+14 7.5825193732143407e-03 1.5895305409138460e+01
1.9074198805912597e+14 7.4659684037268635e-03 1.6546063316150388e+01
1.9086465171704181e+14 7.3417097363221726e-03 1.7195804968132084e+01
1.9098747324324325e+14 7.2109237237329375e-03 1.7844345584682042e+01
1.9111045294269156e+14 7.0748541393472883e-03 1.8491491022674786e+01
1.9123359112113403e+14 6.9348419786870114e-03 1.9137046877801943e+01
1.9135688808510641e+14 6.7923809293870272e-03 1.9780826429851896e+01
1.9148034414193547e+14 6.6491747990628115e-03 2.0422656331106673e+01
1.9160395959974178e+14 6.5071763418435317e-03 2.1062380510115460e+01
1.9172773476744188e+14 6.3685932237126713e-03 2.1699864242752454e+01
1.9185166995475116e+14 6.2358572479531632e-03 2.2335001124701353e+01
1.9197576547218631e+14 6.1115630818028115e-03 2.2967725372851650e+01
1.9210002163106797e+14 5.9983888221071622e-03 2.3598030433631763e+01
1.9222443874352331e+14 5.8990111115389630e-03 2.4225992599817019e+01
1.9234901712248866e+14 5.8160230754363022e-03 2.4851795859070652e+01
1.9247375708171206e+14 5.7518570205705565e-03 2.5475752304552600e+01
1.9259865893575600e+14 5.7087090968123101e-03 2.6098311867282352e+01
1.9272372300000000e+14 5.6884623024030826e-03 2.6720056333952282e+01
1.9284894959064328e+14 5.6926074357665250e-03 2.7341675555770667e+01
1.9297433902470741e+14 5.7221669072069718e-03 2.7963927795561929e+01
1.9309989162003906e+14 5.7776309198366268e-03 2.8587590133505763e+01
1.9322560769531250e+14 5.8589172976659552e-03 2.9213407397629780e+01
1.9335148757003256e+14 5.9653646321542299e-03 2.9842048218378096e+01
1.9347753156453716e+14 6.0957642217586983e-03 3.0474074441424644e+01
1.9360374000000000e+14 6.2484306942724019e-03 3.1109926208000907e+01
1.9373011319843341e+14 6.4213051446473362e-03 3.1749921061477224e+01
1.9385665148269106e+14 6.6120784826691975e-03 3.2394262832123658e+01
1.9398335517647059e+14 6.8183190627103436e-03 3.3043055486601240e+01
1.9411022460431656e+14 7.0375866400352585e-03 3.3696318228685485e+01
1.9423726009162306e+14 7.2675120653766904e-03 3.4353999792017831e+01
1.9436446196463653e+14 7.5058396568144416e-03 3.5015992101547845e+01
1.9449183055045872e+14 7.7504306099557734e-03 3.5682143916783573e+01
1.9461936617704919e+14 7.9992410101524629e-03 3.6352275095229572e+01
1.9474706917322834e+14 8.2502941997483602e-03 3.7026191178060628e+01
1.9487493986868022e+14 8.5016669127705377e-03 3.7703696965801164e+01
1.9500297859395531e+14 8.7515004651142220e-03 3.8384607202959558e+01
1.9513118568047338e+14 8.9980353216450887e-03 3.9068752784148749e+01
1.9525956146052631e+14 9.2396549687077667e-03 3.9755981975777594e+01
1.9538810626728112e+14 9.4749187925759742e-03 4.0446157586857296e+01
1.9551682043478259e+14 9.7025667727215284e-03 4.1139152213756908e+01
1.9564570429795650e+14 9.9214903427100216e-03 4.1834844110586964e+01
1.9577475819261212e+14 1.0130678895305133e-02 4.2533115692020012e+01
1.9590398245544556e+14 1.0329163250238761e-02 4.3233855353803527e+01
1.9603337742404225e+14 1.0515980142962966e-02 4.3936961729080181e+01
1.9616294343688038e+14 1.0690173492373804e-02 4.4642348343061791e+01
1.9629268083333334e+14 1.0850832047307166e-02 4.5349946385901966e+01
1.9642258995367306e+14 1.0997146145991170e-02 4.6059704108574941e+01
1.9655267113907284e+14 1.1128456685200131e-02 4.6771582823549402e+01
1.9668292473161031e+14 1.1244271947000393e-02 4.7485551016235931e+01
1.9681335107427056e+14 1.1344242129013041e-02 4.8201578969033690e+01
1.9694395051094891e+14 1.1428101175771819e-02 4.8919636151598517e+01
1.9707472338645419e+14 1.1495601719530318e-02 4.9639692467880394e+01
1.9720567004651162e+14 1.1546473642234906e-02 5.0361722753817119e+01
1.9733679083776594e+14 1.1580427035830803e-02 5.1085712436475795e+01
1.9746808610778444e+14 1.1597200071666772e-02 5.1811661685497498e+01
1.9759955620505994e+14 1.1596630728441354e-02 5.2539586017848443e+01
1.9773120147901400e+14 1.1578718906290619e-02 5.3269512916921585e+01
1.9786302228000000e+14 1.1543648713117879e-02 5.4001475899050547e+01
1.9799501895930619e+14 1.1491758777130601e-02 5.4735508752784966e+01
1.9812719186915888e+14 1.1423473394171577e-02 5.5471642760927352e+01
1.9825954136272547e+14 1.1339227314701290e-02 5.6209908482136193e+01
1.9839206779411762e+14 1.1239421775961515e-02 5.6950341606386679e+01
1.9852477151839462e+14 1.1124435139956868e-02 5.7692990412773128e+01
1.9865765289156625e+14 1.0994688121963418e-02 5.8437921514729183e+01
1.9879071227059612e+14 1.0850732689063225e-02 5.9185221113944223e+01
1.9892395001340484e+14 1.0693323867358084e-02 5.9934991093676665e+01
1.9905736647887322e+14 1.0523439097107954e-02 6.0687341740436374e+01
1.9919096202684562e+14 1.0342235081629578e-02 6.1442384692736454e+01
1.9932473701813297e+14 1.0150963583346577e-02 6.2200229876438890e+01
1.9945869181451612e+14 9.9508899936408442e-03 6.2960988456907820e+01
1.9959282677874916e+14 9.7432596828945072e-03 6.3724780869355023e+01
1.9972714227456256e+14 9.5293350635553675e-03 6.4491746135199378e+01
1.9986163866666666e+14 9.3104908514662268e-03 6.5262047403550397e+01
("port 1","mode 1",1,"port 2",1,"transmission")
(100, 3)
1.8737028625000000e+14 9.8517413211559157e-01 1.0668882412674258e-01
1.8748865029690462e+14 9.8523295350992435e-01 4.6615767666031416e-01
1.8760716398230091e+14 9.8528940765858275e-01 8.2608290909831328e-01
1.8772582759013281e+14 9.8534334312348659e-01 1.1864652414132124e+00
1.8784464140506328e+14 9.8539461416196072e-01 1.5473053878029075e+00
1.8796360571247625e+14 9.8544308084190990e-01 1.9086040574627028e+00
1.8808272079847909e+14 9.8548860963454687e-01 2.2703619552604684e+00
1.8820198694990488e+14 9.8553107443579824e-01 2.6325797826557413e+00
1.8832140445431472e+14 9.8557035776051083e-01 2.9952582391043339e+00
1.8844097360000000e+14 9.8560635174708411e-01 3.3583980239773816e+00
1.8856069467598475e+14 9.8563895865321849e-01 3.7219998387870965e+00
1.8868056797202800e+14 9.8566809070345385e-01 4.0860643893439832e+00
1.8880059377862594e+14 9.8569366939709235e-01 4.4505923874483591e+00
1.8892077238701466e+14 9.8571562459970474e-01 4.8155845518596916e+00
1.8904110408917197e+14 9.8573389383331611e-01 5.1810416085246640e+00
1.8916158917782028e+14 9.8574842210812386e-01 5.5469642903106458e+00
1.8928222794642856e+14 9.8575916242828465e-01 5.9133533366415918e+00
1.8940302068921506e+14 9.8576607683916839e-01 6.2802094934453665e+00
1.8952396770114944e+14 9.8576913767146879e-01 6.6475335136516183e+00
1.8964506927795528e+14 9.8576832856407048e-01 7.0153261582303212e+00
1.8976632571611256e+14 9.8576364494283597e-01 7.3835881975074926e+00
1.8988773731285988e+14 9.8575509385513016e-01 7.7523204123589657e+00
1.9000930436619719e+14 9.8574269331780617e-01 8.1215235949132083e+00
1.9013102717488791e+14 9.8572647152272275e-01 8.4911985485685708e+00
1.9025290603846156e+14 9.8570646628337111e-01 8.8613460873928407e+00
1.9037494125721616e+14 9.8568272498643517e-01 9.2319670351905074e+00
1.9049713313222078e+14 9.8565530508573029e-01 9.6030622246292712e+00
1.9061948196531794e+14 9.8562427494010918e-01 9.9746324967558557e+00
1.9074198805912597e+14 9.8558971464797451e-01 1.0346678701044588e+01
1.9086465171704181e+14 9.8555171652762130e-01 1.0719201695885321e+01
1.9098747324324325e+14 9.8551038502952004e-01 1.1092202349226824e+01
1.9111045294269156e+14 9.8546583608203175e-01 1.1465681539036357e+01
1.9123359112113403e+14 9.8541819607453796e-01 1.1839640153311914e+01
1.9135688808510641e+14 9.8536760079110286e-01 1.2214079089569147e+01
1.9148034414193547e+14 9.8531419458664626e-01 1.2588999253929181e+01
1.9160395959974178e+14 9.8525812996512951e-01 1.2964401560077196e+01
1.9172773476744188e+14 9.8519956753767801e-01 1.3340286928390945e+01
1.9185166995475116e+14 9.8513867618362072e-01 1.3716656285464394e+01
1.9197576547218631e+14 9.8507563316586932e-01 1.4093510564094808e+01
1.9210002163106797e+14 9.8501062397948902e-01 1.4470850703657444e+01
1.9222443874352331e+14 9.8494384181307471e-01 1.4848677650692331e+01
1.9234901712248866e+14 9.8487548662565627e-01 1.5226992359513433e+01
1.9247375708171206e+14 9.8480576393723673e-01 1.5605795792704775e+01
1.9259865893575600e+14 9.8473488347002724e-01 1.5985088921455207e+01
1.9272372300000000e+14 9.8466305776073815e-01 1.6364872725762840e+01
1.9284894959064328e+14 9.8459050081412702e-01 1.6745148194586474e+01
1.9297433902470741e+14 9.8451742681244581e-01 1.7125916326027898e+01
1.9309989162003906e+14 9.8444404885358083e-01 1.7507178127609809e+01
1.9322560769531250e+14 9.8437057766664238e-01 1.7888934616681961e+01
1.9335148757003256e+14 9.8429722024265653e-01 1.8271186820959144e+01
1.9347753156453716e+14 9.8422417831546549e-01 1.8653935779152352e+01
1.9360374000000000e+14 9.8415164663844856e-01 1.9037182541618570e+01
1.9373011319843341e+14 9.8407981103695708e-01 1.9420928170906503e+01
1.9385665148269106e+14 9.8400884615009820e-01 1.9805173742420038e+01
1.9398335517647059e+14 9.8393891337790607e-01 2.0189920344144614e+01
1.9411022460431656e+14 9.8387015938044076e-01 2.0575169074392722e+01
1.9423726009162306e+14 9.8380271358124793e-01 2.0960921043354116e+01
1.9436446196463653e+14 9.8373668749029608e-01 2.1347177371043337e+01
1.9449183055045872e+14 9.8367217425871145e-01 2.1733939186300404e+01
1.9461936617704919e+14 9.8360924869067168e-01 2.2121207626159730e+01
1.9474706917322834e+14 9.8354796742012696e-01 2.2508983835719587e+01
1.9487493986868022e+14 9.8348836892465796e-01 2.2897268968425671e+01
1.9500297859395531e+14 9.8343047315694410e-01 2.3286064186483944e+01
1.9513118568047338e+14 9.8337428079527889e-01 2.3675370661023212e+01
1.9525956146052631e+14 9.8331977235610279e-01 2.4065189571702970e+01
1.9538810626728112e+14 9.8326690755837420e-01 2.4455522105687269e+01
1.9551682043478259e+14 9.8321562529860107e-01 2.4846369456187951e+01
1.9564570429795650e+14 9.8316584438129162e-01 2.5237732820992527e+01
1.9577475819261212e+14 9.8311746483900553e-01 2.5629613401405230e+01
1.9590398245544556e+14 9.8307036941407611e-01 2.6022012401840264e+01
1.9603337742404225e+14 9.8302442469579931e-01 2.6414931029956517e+01
1.9616294343688038e+14 9.8297948157237380e-01 2.6808370496905521e+01
1.9629268083333334e+14 9.8293537500803319e-01 2.7202332017104908e+01
1.9642258995367306e+14 9.8289192353788013e-01 2.7596816807081012e+01
1.9655267113907284e+14 9.8284892910131072e-01 2.7991826083273615e+01
1.9668292473161031e+14 9.8280617778500323e-01 2.8387361059140851e+01
1.9681335107427056e+14 9.8276344172179120e-01 2.8783422942221677e+01
1.9694395051094891e+14 9.8272048193041817e-01 2.9180012931845408e+01
1.9707472338645419e+14 9.8267705149716689e-01 2.9577132217905213e+01
1.9720567004651162e+14 9.8263289838167556e-01 2.9974781980634503e+01
1.9733679083776594e+14 9.8258776725831332e-01 3.0372963390888170e+01
1.9746808610778444e+14 9.8254140062439999e-01 3.0771677610232047e+01
1.9759955620505994e+14 9.8249353940313522e-01 3.1170925790297282e+01
1.9773120147901400e+14 9.8244392324724861e-01 3.1570709071294381e+01
1.9786302228000000e+14 9.8239229199687850e-01 3.1971028580081800e+01
1.9799501895930619e+14 9.8233838789583616e-01 3.2371885428503639e+01
1.9812719186915888e+14 9.8228195834393728e-01 3.2773280712671720e+01
1.9825954136272547e+14 9.8222275834269168e-01 3.3175215513395869e+01
1.9839206779411762e+14 9.8216055184233853e-01 3.3577690897536932e+01
1.9852477151839462e+14 9.8209511355618451e-01 3.3980707920625036e+01
1.9865765289156625e+14 9.8202622637422143e-01 3.4384267626815962e+01
1.9879071227059612e+14 9.8195368054962962e-01 3.4788371049344498e+01
1.9892395001340484e+14 9.8187727262064051e-01 3.5193019209455493e+01
1.9905736647887322e+14 9.8179680527051783e-01 3.5598213114833939e+01
1.9919096202684562e+14 9.8171208822008460e-01 3.6003953758366848e+01
1.9932473701813297e+14 9.8162293969330638e-01 3.6410242117904886e+01
1.9945869181451612e+14 9.8152918769393971e-01 3.6817079157199380e+01
1.9959282677874916e+14 9.8143067043554211e-01 3.7224465827613315e+01
1.9972714227456256e+14 9.8132723572090652e-01 3.7632403069859464e+01
1.9986163866666666e+14 9.8121873963645245e-01 3.8040891815095421e+01
("port 2","mode 1",1,"port 1",1,"transmission")
(100, 3)
1.8737028625000000e+14 9.8724033429592872e-01 1.0646400322028805e-01
1.8748865029690462e+14 9.8730841273792402e-01 4.6593830238952699e-01
1.8760716398230091e+14 9.8737390287946092e-01 8.2586943399636648e-01
1.8772582759013281e+14 9.8743663364041390e-01 1.1862581165798793e+00
1.8784464140506328e+14 9.8749643901656081e-01 1.5471050610694621e+00
1.8796360571247625e+14 9.8755315847376224e-01 1.9084109714047606e+00
1.8808272079847909e+14 9.8760663783676150e-01 2.2701765451240874e+00
1.8820198694990488e+14 9.8765673061104087e-01 2.6324024742617254e+00
1.8832140445431472e+14 9.8770329946942870e-01 2.9950894467934677e+00
1.8844097360000000e+14 9.8774621752923586e-01 3.3582381486554356e+00
1.8856069467598475e+14 9.8778536908943193e-01 3.7218492661228404e+00
1.8868056797202800e+14 9.8782064967889982e-01 4.0859234881661770e+00
1.8880059377862594e+14 9.8785196551618426e-01 4.4504615083785026e+00
1.8892077238701466e+14 9.8787923269798761e-01 4.8154640262063726e+00
1.8904110408917197e+14 9.8790237652791113e-01 5.1809317474525223e+00
1.8916158917782028e+14 9.8792133132731419e-01 5.5468653842829880e+00
1.8928222794642856e+14 9.8793604086260267e-01 5.9132656551206528e+00
1.8940302068921506e+14 9.8794645926148117e-01 6.2801332848194882e+00
1.8952396770114944e+14 9.8795255208185995e-01 6.6474690053448153e+00
1.8964506927795528e+14 9.8795429712747285e-01 7.0152735569383227e+00
1.8976632571611256e+14 9.8795168470270522e-01 7.3835476894963907e+00
1.8988773731285988e+14 9.8794471722479194e-01 7.7522921637592042e+00
1.9000930436619719e+14 9.8793340837084620e-01 8.1215077519435717e+00
1.9013102717488791e+14 9.8791778212348436e-01 8.4911952376325317e+00
1.9025290603846156e+14 9.8789787211609481e-01 8.8613554150028975e+00
1.9037494125721616e+14 9.8787372155465691e-01 9.2319890876943820e+00
1.9049713313222078e+14 9.8784538376070496e-01 9.6030970677339376e+00
1.9061948196531794e+14 9.8781292313677183e-01 9.9746801748693485e+00
1.9074198805912597e+14 9.8777641619919265e-01 1.0346739236479618e+01
1.9086465171704181e+14 9.8773595231212830e-01 1.0719275087990400e+01
1.9098747324324325e+14 9.8769163388752768e-01 1.1092288573527657e+01
1.9111045294269156e+14 9.8764357602623365e-01 1.1465780546480586e+01
1.9123359112113403e+14 9.8759190577547640e-01 1.1839751869712382e+01
1.9135688808510641e+14 9.8753676128671974e-01 1.2214203415333715e+01
1.9148034414193547e+14 9.8747829113911190e-01 1.2589136064148581e+01
1.9160395959974178e+14 9.8741665396613976e-01 1.2964550705017457e+01
1.9172773476744188e+14 9.8735201834893582e-01 1.3340448234405043e+01
1.9185166995475116e+14 9.8728456279426380e-01 1.3716829556301661e+01
1.9197576547218631e+14 9.8721447555459718e-01 1.4093695582549346e+01
1.9210002163106797e+14 9.8714195408655681e-01 1.4471047233461864e+01
1.9222443874352331e+14 9.8706720405544601e-01 1.4848885438534200e+01
1.9234901712248866e+14 9.8699043792563756e-01 1.5227211137032027e+01
1.9247375708171206e+14 9.8691187327770780e-01 1.5606025278317851e+01
1.9259865893575600e+14 9.8683173103421451e-01 1.5985328821871072e+01
1.9272372300000000e+14 9.8675023375697812e-01 1.6365122737052456e+01
1.9284894959064328e+14 9.8666760412191368e-01 1.6745408002722911e+01
1.9297433902470741e+14 9.8658406361143014e-01 1.7126185606843720e+01
1.9309989162003906e+14 9.8649983140883224e-01 1.7507456546173700e+01
1.9322560769531250e+14 9.8641512343947535e-01 1.7889221826149427e+01
1.9335148757003256e+14 9.8633015147617797e-01 1.8271482461003657e+01
1.9347753156453716e+14 9.8624512220854632e-01 1.8654239474127696e+01
1.9360374000000000e+14 9.8616023617374171e-01 1.9037493898635610e+01
1.9373011319843341e+14 9.8607568647174504e-01 1.9421246778024354e+01
1.9385665148269106e+14 9.8599165715107440e-01 1.9805499167124335e+01
1.9398335517647059e+14 9.8590832164023157e-01 2.0190252132325732e+01
1.9411022460431656e+14 9.8582584144057728e-01 2.0575506750083520e+01
1.9423726009162306e+14 9.8574436399117804e-01 2.0961264109013229e+01
1.9436446196463653e+14 9.8566402183463508e-01 2.1347525308646254e+01
1.9449183055045872e+14 9.8558493188253926e-01 2.1734291459129800e+01
1.9461936617704919e+14 9.8550719494193739e-01 2.2121563681185069e+01
1.9474706917322834e+14 9.8543089525073890e-01 2.2509343106398820e+01
1.9487493986868022e+14 9.8535609975094263e-01 2.2897630877719280e+01
1.9500297859395531e+14 9.8528285694831819e-01 2.3286428149848806e+01
1.9513118568047338e+14 9.8521119543346469e-01 2.3675736089153457e+01
1.9525956146052631e+14 9.8514112237870055e-01 2.4065555872808194e+01
1.9538810626728112e+14 9.8507262246283567e-01 2.4455888687143755e+01
1.9551682043478259e+14 9.8500565762846526e-01 2.4846735725461723e+01
1.9564570429795650e+14 9.8494016784079075e-01 2.5238098185808742e+01
1.9577475819261212e+14 9.8487607268141364e-01 2.5629977269219015e+01
1.9590398245544556e+14 9.8481327332285784e-01 2.6022374178741796e+01
1.9603337742404225e+14 9.8475165432815071e-01 2.6415290119209786e+01
1.9616294343688038e+14 9.8469108486643941e-01 2.6808726297368953e+01
1.9629268083333334e+14 9.8463141927494413e-01 2.7202683921807090e+01
1.9642258995367306e+14 9.8457249727530571e-01 2.7597164202223393e+01
1.9655267113907284e+14 9.8451414438462670e-01 2.7992168347903245e+01
1.9668292473161031e+14 9.8445617302341371e-01 2.8387697565682615e+01
1.9681335107427056e+14 9.8439838451628103e-01 2.8783753057985436e+01
1.9694395051094891e+14 9.8434057174390688e-01 2.9180336021536331e+01
1.9707472338645419e+14 9.8428252184764686e-01 2.9577447647073324e+01
1.9720567004651162e+14 9.8422401829727513e-01 2.9975089119911505e+01
1.9733679083776594e+14 9.8416484178721531e-01 3.0373261620784309e+01
1.9746808610778444e+14 9.8410477026805943e-01 3.0771966326210798e+01
1.9759955620505994e+14 9.8404357842982682e-01 3.1171204407816603e+01
1.9773120147901400e+14 9.8398103693596251e-01 3.1570977030502714e+01
1.9786302228000000e+14 9.8391691295194184e-01 3.1971285349885520e+01
1.9799501895930619e+14 9.8385097164664725e-01 3.2372130509776795e+01
1.9812719186915888e+14 9.8378297849813723e-01 3.2773513640453494e+01
1.9825954136272547e+14 9.8371270158088686e-01 3.3175435858007830e+01
1.9839206779411762e+14 9.8363991303894116e-01 3.3577898264645157e+01
1.9852477151839462e+14 9.8356439140706464e-01 3.3980901950360980e+01
1.9865765289156625e+14 9.8348591954303843e-01 3.4384447992122197e+01
1.9879071227059612e+14 9.8340428462277540e-01 3.4788537453791257e+01
1.9892395001340484e+14 9.8331927789860696e-01 3.5193171384778715e+01
1.9905736647887322e+14 9.8323069537817354e-01 3.5598350818446683e+01
1.9919096202684562e+14 9.8313833944206763e-01 3.6004076771065101e+01
1.9932473701813297e+14 9.8304202087913184e-01 3.6410350241935078e+01
1.9945869181451612e+14 9.8294156053750503e-01 3.6817172214784932e+01
1.9959282677874916e+14 9.8283678991985335e-01 3.7224543659959309e+01
1.9972714227456256e+14 9.8272755053304750e-01 3.7632465536577890e+01
1.9986163866666666e+14 9.8261369238644092e-01 3.8040938793928440e+01
("port 2","mode 1",1,"port 2",1,"transmission")
(100, 3)
1.8737028625000000e+14 7.0561608543260905e-03 -1.1011813490118549e+00
1.8748865029690462e+14 7.1880990030094840e-03 -1.0389538476453517e+00
1.8760716398230091e+14 7.3163665352154652e-03 -9.7616803575707378e-01
1.8772582759013281e+14 7.4404025940381247e-03 -9.1283794795975881e-01
1.8784464140506328e+14 7.5598219445439175e-03 -8.4899350793040118e-01
1.8796360571247625e+14 7.6744574107987769e-03 -7.8466238442320724e-01
1.8808272079847909e+14 7.7843174194658811e-03 -7.1985376437546800e-01
1.8820198694990488e+14 7.8894762510309871e-03 -6.5454991360297787e-01
1.8832140445431472e+14 7.9899404034760989e-03 -5.8870833796407629e-01
1.8844097360000000e+14 8.0855435702785593e-03 -5.2227334320561347e-01
1.8856069467598475e+14 8.1759114561774336e-03 -4.5519230760418977e-01
1.8868056797202800e+14 8.2605102871194033e-03 -3.8743034590418968e-01
1.8880059377862594e+14 8.3387602175267802e-03 -3.1897785523383948e-01
1.8892077238701466e+14 8.4101698328709409e-03 -2.4984830358842600e-01
1.8904110408917197e+14 8.4744402828306753e-03 -1.8006736503685236e-01
1.8916158917782028e+14 8.5314999157349147e-03 -1.0965768519288417e-01
1.8928222794642856e+14 8.5814575299142902e-03 -3.8625049211996866e-02
1.8940302068921506e+14 8.6244939138038004e-03 3.3048943380796753e-02
1.8952396770114944e+14 8.6607351112557001e-03 1.0540512764953106e-01
1.8964506927795528e+14 8.6901576459742225e-03 1.7849683890318252e-01
1.8976632571611256e+14 8.7125630591370490e-03 2.5237578102595443e-01
1.8988773731285988e+14 8.7276316066830124e-03 3.2707921830097764e-01
1.9000930436619719e+14 8.7350338043454545e-03 4.0262339983039647e-01
1.9013102717488791e+14 8.7345561137908805e-03 4.7900564437234749e-01
1.9025290603846156e+14 8.7261921311490159e-03 5.5621417101606230e-01
1.9037494125721616e+14 8.7101647510116117e-03 6.3424184678809903e-01
1.9049713313222078e+14 8.6868720896114155e-03 7.1309859819919064e-01
1.9061948196531794e+14 8.6567797144783895e-03 7.9281778682233484e-01
1.9074198805912597e+14 8.6203024180424078e-03 8.7345416206114623e-01
1.9086465171704181e+14 8.5777223774703964e-03 9.5507422596861868e-01
1.9098747324324325e+14 8.5291756839011509e-03 1.0377427566058368e+00
1.9111045294269156e+14 8.4747118710677416e-03 1.1215106963599639e+00
1.9123359112113403e+14 8.4144022497578200e-03 1.2064090348434529e+00
1.9135688808510641e+14 8.3484540713215233e-03 1.2924509416402465e+00
1.9148034414193547e+14 8.2772860160626408e-03 1.3796411850544652e+00
1.9160395959974178e+14 8.2015363805982792e-03 1.4679890552799002e+00
1.9172773476744188e+14 8.1220019934934544e-03 1.5575196424673190e+00
1.9185166995475116e+14 8.0395327674781750e-03 1.6482788984963774e+00
1.9197576547218631e+14 7.9549234992809734e-03 1.7403302321685283e+00
1.9210002163106797e+14 7.8688446925787321e-03 1.8337436019172446e+00
1.9222443874352331e+14 7.7818379322501042e-03 1.9285809503667726e+00
1.9234901712248866e+14 7.6943753241531503e-03 2.0248832224119604e+00
1.9247375708171206e+14 7.6069572326226990e-03 2.1226635459482774e+00
1.9259865893575600e+14 7.5202079675030422e-03 2.2219086971031730e+00
1.9272372300000000e+14 7.4349305470992220e-03 2.3225877075111185e+00
1.9284894959064328e+14 7.3520980216504762e-03 2.4246636759643780e+00
1.9297433902470741e+14 7.2727832755518067e-03 2.5281035818956208e+00
1.9309989162003906e+14 7.1980522157436113e-03 2.6328816460796078e+00
1.9322560769531250e+14 7.1288581825086949e-03 2.7389742948773441e+00
1.9335148757003256e+14 7.0659736675905624e-03 2.8463481378850339e+00
1.9347753156453716e+14 7.0099800188219178e-03 2.9549452673465533e+00
1.9360374000000000e+14 6.9613130000145155e-03 3.0646714518720701e+00
1.9373011319843341e+14 6.9203408257823024e-03 3.1753918839745534e+00
1.9385665148269106e+14 6.8874396544628133e-03 3.2869364046067813e+00
1.9398335517647059e+14 6.8630335192265586e-03 3.3991126596603083e+00
1.9411022460431656e+14 6.8475800678827123e-03 3.5117227902750985e+00
1.9423726009162306e+14 6.8415046435296696e-03 3.6245780937164955e+00
1.9436446196463653e+14 6.8451053023928189e-03 3.7375070551133645e+00
1.9449183055045872e+14 6.8584631557356444e-03 3.8503548743563458e+00
1.9461936617704919e+14 6.8813914780305975e-03 3.9629760697924290e+00
1.9474706917322834e+14 6.9134435265030634e-03 4.0752245423480939e+00
1.9487493986868022e+14 6.9539777615415677e-03 4.1869464644239747e+00
1.9500297859395531e+14 7.0022580377774885e-03 4.2979800923015041e+00
1.9513118568047338e+14 7.0575533873891609e-03 4.4081636192716385e+00
1.9525956146052631e+14 7.1192023257527232e-03 4.5173487302022641e+00
1.9538810626728112e+14 7.1866203590617026e-03 4.6254149901989861e+00
1.9551682043478259e+14 7.2592516957184086e-03 4.7322796096025357e+00
1.9564570429795650e+14 7.3364887173317630e-03 4.8378987325275427e+00
1.9577475819261212e+14 7.4175965992726431e-03 4.9422596063207367e+00
1.9590398245544556e+14 7.5016794593570314e-03 5.0453665457863108e+00
1.9603337742404225e+14 7.5877081126306889e-03 5.1472260397222236e+00
1.9616294343688038e+14 7.6746039758401165e-03 5.2478366046225977e+00
1.9629268083333334e+14 7.7613493559583720e-03 5.3471869368300329e+00
1.9642258995367306e+14 7.8470817635733353e-03 5.4452624155645575e+00
1.9655267113907284e+14 7.9311349088908856e-03 5.5420565329735316e+00
1.9668292473161031e+14 8.0130102514085182e-03 5.6375818042023385e+00
1.9681335107427056e+14 8.0922919825551672e-03 5.7318749675725167e+00
1.9694395051094891e+14 8.1685429236740704e-03 5.8249937382743608e+00
1.9707472338645419e+14 8.2412279885589797e-03 5.9170060413350090e+00
1.9720567004651162e+14 8.3097007068623427e-03 6.0079759751968869e+00
1.9733679083776594e+14 8.3732608685900406e-03 6.0979522741977013e+00
1.9746808610778444e+14 8.4312593929509877e-03 6.1869640344324868e+00
1.9759955620505994e+14 8.4832044390274856e-03 6.2750253587840676e+00
1.9773120147901400e+14 8.5288209254159378e-03 6.3621467239177285e+00
1.9786302228000000e+14 8.5680354485741413e-03 6.4483479538181552e+00
1.9799501895930619e+14 8.6008917401398568e-03 6.5336669736229727e+00
1.9812719186915888e+14 8.6274336009827951e-03 6.6181603619180178e+00
1.9825954136272547e+14 8.6476079962206753e-03 6.7018953780267454e+00
1.9839206779411762e+14 8.6612327202428303e-03 6.7849370311720261e+00
1.9852477151839462e+14 8.6680437188028508e-03 6.8673361044962498e+00
1.9865765289156625e+14 8.6677999650628199e-03 6.9491237083647093e+00
1.9879071227059612e+14 8.6603962247037009e-03 7.0303150165684629e+00
1.9892395001340484e+14 8.6459294116041953e-03 7.1109206438334089e+00
1.9905736647887322e+14 8.6246852590253047e-03 7.1909605748032588e+00
1.9919096202684562e+14 8.5970492860742397e-03 7.2704742863155243e+00
1.9932473701813297e+14 8.5633822176075271e-03 7.3495223598220836e+00
1.9945869181451612e+14 8.5239177523666609e-03 7.4281787964927606e+00
1.9959282677874916e+14 8.4787307203254836e-03 7.5065176678001535e+00
1.9972714227456256e+14 8.4277902166327110e-03 7.5846005497270967e+00
1.9986163866666666e+14 8.3710710930994508e-03 7.6624709631268617e+00
